228
0	535 369	0
1	406 328	1
2	458 345	1
3	449 282 1
4	347 281	1
5	351 338	1
6	336 387	1
7	381 382	1
8	503 386	1
9	518 324	1
10	533 257	1
11	499 220	1
12	454 207	1
13	403 207 1
14	355 207	1
15	298 210 1
16	280 226 1
17	241 255	1
18	241 342 1
19	241 387 1
20	248 385	0
21	321 426	1
22	365 420 1
23	485 452 1
24	528 448 1
25	560 402 1
26	603 387 1
27	580 328 1
28	628 307 1
29	603 296 1
30	557 280 1
31	600 264	0
32	515 194	1
33	441 171	0
34	400 174	0
35	357 169	1
36	311 163	0
37	241 143	1
38	202 125 1
39	157 158	1
40	186 175 1
41	159 210	1
42	148 245 1
43	240 297 0
44	152 283 1
45	116 290	1
46	154 131 1
47	101 150 1
48	100 192 1
49	101 206 0
50	72 190 1
51	102 245 1
52	65 256 0
53	36 270 1
54	62 324 1
55	18 381 1
56	106 418 1
57	106 502 1
58	172 549 1
59	114 598 1
60	95 664 1
61	56 746 1
62	46 765 1
63	252 441 0
64	262 469 0
65	276 468 1
66	317 481 0
67	350 505 0
68	360 530 0
69	436 546 0
70	495 601 0
71	517 633 0
72	570 677 0
73	642 685 1
74	646 666 1
75	784 737 1
76	880 689 1
77	558 467 1
78	553 553 1
79	616 472 1
80	645 467 1
81	660 490 1
82	679 533 1
83	620 512 1
84	623 535 1
85	628 576 1
86	675 575 1
87	715 589 1
88	748 595 1
89	738 633 1
90	831 620 1
91	850 596 1
92	868 589 1
93	877 597 0
94	879 616 1
95	863 644 0
96	878 647 1
97	851 566 1
98	878 567 1
99	900 514 0
100	1005 415 1
101	764 552 0
102	797 516 0
103	912 434 1
104	665 344 1
105	743 381 1
106	805 407 1
107	837 409 1
108	889 398 1
109	931 388 1
110	933 358 1
111	985 391 1
112	982 362 1
113	1014 388 1
114	1014 360 1
115	1051 390 1
116	1051 360 1
117	1092 390 1
118	1092 360 1
119	1135 390 1
120	1135 360 1
121	1164 390 1
122	1164 360 1
123	1205 390 1
124	1205 360 1
125	1250 390 1
126	1250 360 1
127	1256 419 1
128	1256 438 1
129	615 265 1
130	609 228 1
131	575 225 1
132	575 168 1
133	527 168 1
134	478 168 1
135	400 168 1
136	400 102 1
137	356 102 1
138	419 92 1
139	478 92 1
140	537 91 1
141	432 75 1
142	535 75 0
143	397 66 1
144	358 66 1
145	359 48 1
146	330 -3 1
147	330 49 1
148	226 78 1
149	226 51 1
150	225 -3 1
151	152 109 1
152	157 57 1
153	156 33 1
154	145 -3 0
155	104 49 1
156	35 35 0
157	-14 11 0
158	-53 -31 0
159	-111 -60 0
160	-137 -99 1
161	-133 -52 0
162	-172 9 0
163	-198 27 0
164	-198 60 0
165	-218 99 0
166	-250 136 0
167	-237 151 0
168	14 245 1
169	-20 259 0
170	-65 210 0
171	-105 185 1
172	-142 185 1
173	-142 147 1
174	-230 185 1
175	470 72 1
176	433 49 1
177	396 20 0
178	386 -40 1 
179	373 -86 1
180	378 -108 1
181	427 -144 1
182	427 -182 1
183	385 -200 1
184	339 -251 1
185	384 -297 1
186	323 -321 1
187	444 -156 0
188	497 -175 0
189	587 53 1
190	623 -103 1	
191	641 -173 1
192	643 -193 1
193	663 -142 1
194	667 -174 1
195	710 -217 0
196	741 -217 0
197	741 -251 1
198	795 -144 0
199	842 -122 0
200	870 -159 1
201	818 -217 0
202	866 -204 0
203	669 -109 1
204	637 -35 0
205	666 17 0
206	798 25 1
207	829 89 0
208	850 207 0
209	889 320 0
210	285 -123 0
211	171 -103 0
212	307 -238 0
213	121 -63 0
214	-11 86 1
215	11 111 1
216	-13 165 1
217	278 510 1
218	236 451 0
219	194 456 0
220	186 503 0
221	140 523 1
222	62  116 1
223	823 651 1
224	485 548	1
225	265 559	1
226 	863 -69 0
227	636 614	0

0	2   9 0	25 0	
1	6   2 0	3 0	4 0	5 0	7 0	13 0	
2	3   1 0	3 0	8 0
3	4   1 0	2 0	11 0	12 0
4	4   1 0	5 0	14 0	15 0
5	4   1 0	4 0	6 0	18 0
6	4   5 0	7 0	21 0	22 0
7	3   1 0	6 0	8 0
8	5   2 0	7 0	9 0	24 4	25 0
9	5   0 0	8 0	10 0	27 0	30 0
10	4   9 0	11 0	30 0	32 0
11	4   3 0	10 0	12 0	32 2
12	5   3 0	11 0	13 0	32 0	33 0
13	4   1 0	12 0	14 0 34 2
14	4   4 0	13 0	15 0 35 0
15	4   4 0   14 0   16 0	37 0
16	3   4 0	   15 0	17 0
17	4   16 0   18 0	40 0	42 0
18	3   5 0	   17 0	19 0
19	3   18 0   20 0	218 0
20	2   19 0   63 0
21	3   6 0	22 0  65 0
22	3   6 0	21 0	23 1
23	3   22 1 24 0	224 1
24	4  8 4	 25 0	77 0 23 0
25	5   0 0	 8 0	24 0	26 0	77 0
26	6   25 0 27 0	28 0	77 0	79 0	80 0
27	4   9 0	 26 0	29 0	30 0
28	3   29 0 26 0	104 2
29	4   27 0 28 0	30 0	31 0
30	5  9 0	 10 0	29 0	31 0	27 0
31	3  129 0 30 0	29 0
32	4  133 0 11 2	10 0	12 0
33	3  12 0  141 0  34 0  
34	4  135 0    13 2  35 2	33 0
35	5  36 0	    137 0 14 0	34 2	135 2
36	2  37 0	    35 0
37	5  38 0	    148 0	36 0	15 0	40 0
38	4  151 0    148 0	37 0	40 0
39	3  46 0	    40 0	41 0
40	5  39 0	    38 0	37 0	17 0	41 0
41	3  39 0	    40 0	42 0
42	5  41 0	    17 0	44 0	45 0	51 0
43	3  17 0	    18 0	44 0
44	3  42 0	    45 0	43 0
45	4  42 0	    44 0	51 0	54 0
46	3  151 0    47 0	39 0
47	2  46 0	    48 0
48	3  50 0	    49 0	47 0
49	2  48 0	    51 0
50	2  222 1    48 0
51	4  49 0	    42 0	45 0	52 0
52	2  53 0	    51 0
53	3  54 0	    168 0	52 0
54	5  169 0    53 0	45 0	56 0	55 0
55	2  54 0	    56 0
56	3  54 0	    55 0    57 0
57	3  56 0	    221 0	59 0
58	4  64 0	    221 0    59 0	225 0
59	3  57 0	    58 0	60 0
60	2  59 0	    61 0
61	2  60 0	    62 0
62	1  61 0
63	2  20 0	64 0
64	3  65 0	63 0	58 0
65	4  64 0	21 0	66 0	217 0
66	2  65 0	67 0
67	2  66 0	68 2
68	3  67 2	69 0	225 0
69	2  68 0	70 0
70	2  69 0	71 0
71	2  70 0	72 0
72	2  71 0	73 0
73	3  72 0	74 0	75 0
74	4  85 1	89 1	73 0	227 1
75	2  73 0	76 0
76	2  75 0	96 2
77	6  24 0	25 0	26 0	79 0	83 4	78 0
78	4  77 0	84 0	85 1	224 1
79	4  26 0	77 0	80 0	83 0
80	3  26 0	79 0	81 0
81	2  80 0	82 1
82	2  81 1	86 0
83	3  77 4	79 0	84 0	
84	4  78 0	83 0	86 0	85 0
85	3  78 1	84 0	227 2
86	3  82 0	87 0	84 0
87	2  86 0	88 0
88	4  87 0	101 0	90 0	89 0
89	4  88 0	74 1	223 1	227 1
90	4  88 0	91 0	223 0	95 0
91	3  97 0	92 0	90 0
92	3  93 0	91 0	98 0
93	3  92 0	98 0	94 0
94	2  93 0	96 0	
95	2  90 0	96 0
96	3  94 0	95 0	76 2
97	1  91 0
98	2  92 0	99 2
99	2  98 2	100 2
100	3  113 0    99 2	127 0
101	2  88 0	    102 0
102	2  101 0    103 0
103	3  102 0    108 0	109 0
104	2  28 2	    105 2
105	2  104 2    106 0
106	2  105 0    107 0
107	2  106 0    108 0
108	4  107 0    209 0	109 0	103 0
109	3  108 0    111 0	110 0
110	1  109 0
111	3  109 0	112 0	113 0
112	1  111 0
113	3  111 0	114 0	115 0
114	1  113 0
115	3  113 0	116 0	117 0
116	1  115 0
117	3  115 0	118 0	119 0
118	1  117 0
119	3  117 0	120 0	121 0
120	1  119 0
121	3  119 0	121 0	123 0
122	1  121 0
123	3  121 0	124 0	125 0
124	1  123 0
125	3  123 0	126 0	127 0
126	1  125 0
127	2  125 0	128 0
128	1  127 0
129	2  31 0	130 1
130	2  131 1    129 1
131	2  130 1    132 1
132	2  131 1    133 1
133	4  134 1    140 2	132 1	32 0
134	3  135 2    139 1	133 1
135	5  35 2	    136 1	138 1	134 2	34 0
136	3  137 2    138 1	135 1
137	3  144 0    136 2	35 0
138	3  136 1    139 1	135 1
139	2  138 1    134 1
140	2  142 0    133 2
141	4  143 0    176 0	175 0	33 0
142	3  175 0    140 0	189 0
143	3  145 0    144 0	141 0
144	4  147 0    145 0	143 0	137 0
145	4  147 0    146 0	144 0	143 0
146	5  150 1    178 0	179 0	147 0	145 0
147	4  144 0    145 0	146 0	149 0
148	3  149 0    38 0	37 0
149	5  152 0    151 0	150 0	147 0	148 0
150	3  154 1    146 1	149 0
151	6  222 1    155 0	152 0	149 0	38 0	46 0
152	4  155 0    153 2	149 0	151 0
153	2  154 1    152 2
154	2  154 1    150 1
155	5  156 0    215 0	152 0	151 0	213 0
156	3  157 0    155 0	214 0
157	3  158 2    156 0	214 0
158	2  159 2    157 2
159	2  160 0    158 2
160	2  159 0    161 0
161	2  160 0    162 2
162	2  163 0    161 2
163	2  162 0    164 0
164	2  163 0    165 2
165	2  164 2    166 0
166	2  165 0    167 0
167	3  166 0    173 1	174 1
168	3  216 0    53 0	169 0
169	3  170 0    168 0	54 0
170	2  171 0    169 0
171	3  172 0    170 0	216 0
172	3  174 0    173 0	171 0
173	2  167 1    172 0
174	2  167 1    172 0
175	3  176 0    141 0	142 0
176	3  177 0    175 0	141 0
177	2  178 0    176 0
178	3  179 0    146 0	177 0
179	4  180 0    210 0	146 0	178 0
180	3  179 0    181 0	183 0
181	3  187 0    182 0	180 0
182	1  181 0
183	3  184 0	185 0	180 0
184	4  212 0	185 0	186 0	183 0
185	3  183 0	186 0	184 0
186	2  185 0	184 0
187	2  181 0	188 0
188	2  187 0	191 0
189	2  142 0	190 0
190	4  191 0	193 0	203 0	189 0
191	5  188 0	192 0	194 0	193 0	190 0
192	1  191 0
193	4  191 0	194 0	190 0	203 0
194	4  191 0	195 0	193 0 198 0
195	2  196 0	194 0
196	3  195 0	197 0	201 0
197	1  196 0
198	2  194 0	199 0
199	5  198 0	201 0	200 0	226 0	203 0
200	3  199 0	202 0	226 0
201	2  196 0	202 0
202	2  201 0	200 0
203	5  198 0	190 0	198 0	204 0	199 0
204	2  203 0	205 0
205	2  204 0	206 0
206	3 205 0		207 0	226 2
207	2 206 0		208 0
208	2 207 0		209 0
209	2 208 0		108 0
210	3 212 0		211 0	179 0
211	2 213 0		210 0
212	2 184 0		210 0
213	2 155 0		211 0
214	2 157 0		215 0
215	3 214 0		155 0	216 0
216	3 171 0		215 0	168 0
217	1 65 0
218	2 19 0	219 0	
219	2 218 0	220 0
220	2 219 0	221 0
221	3 57 0	220 0	58 0
222	2 151 1	50 1
223	2 90 0	89 1
224	2 78 1	23 1
225	2 58 0	68 0
226	3 199 0    200 0	206 2
227	4 85  2	   89  1	74  2	78 1
